% Добротність 0.74/1.41=0.52
fc = 20;   
Qrej=fc/(93.16-52.15)
Qsmug=fc/(41.8-13.6)